txsF10 = [0 + j*(0)
-362 + j*(362)
256 + j*(-256)
256 + j*(256)
0 + j*(0)
-256 + j*(256)
-256 + j*(256)
362 + j*(-362)
256 + j*(256)
256 + j*(256)
0 + j*(0)
256 + j*(256)
256 + j*(256)
-362 + j*(362)
256 + j*(256)
256 + j*(256)
0 + j*(0)
256 + j*(256)
256 + j*(256)
-362 + j*(-362)
256 + j*(256)
256 + j*(256)
0 + j*(0)
256 + j*(256)
256 + j*(256)
-362 + j*(-362)
256 + j*(256)
256 + j*(256)
0 + j*(0)
256 + j*(256)
256 + j*(256)
362 + j*(-362)
256 + j*(256)
256 + j*(256)
0 + j*(0)
256 + j*(256)
256 + j*(256)
-362 + j*(362)
256 + j*(256)
256 + j*(256)
0 + j*(0)
256 + j*(256)
256 + j*(256)
-362 + j*(-362)
256 + j*(256)
256 + j*(256)
0 + j*(0)
256 + j*(256)
256 + j*(256)
-362 + j*(-362)
-256 + j*(-256)
-256 + j*(-256)
0 + j*(0)
256 + j*(256)
256 + j*(256)
362 + j*(-362)
256 + j*(256)
256 + j*(256)
0 + j*(0)
256 + j*(256)
256 + j*(256)
362 + j*(362)
256 + j*(256)
256 + j*(256)
0 + j*(0)
256 + j*(256)
256 + j*(256)
-362 + j*(-362)
256 + j*(256)
256 + j*(256)
0 + j*(0)
256 + j*(256)
256 + j*(256)
362 + j*(-362)
-256 + j*(-256)
-256 + j*(256)
0 + j*(0)
-256 + j*(256)
256 + j*(256)
-362 + j*(362)
256 + j*(256)
256 + j*(256)
0 + j*(0)
256 + j*(256)
256 + j*(256)
-362 + j*(362)
256 + j*(256)
256 + j*(256)
0 + j*(0)
256 + j*(256)
256 + j*(256)
362 + j*(362)
256 + j*(256)
256 + j*(256)
0 + j*(0)
256 + j*(256)
256 + j*(256)
362 + j*(-362)
256 + j*(256)
256 + j*(256)
0 + j*(0)
256 + j*(256)
256 + j*(256)
362 + j*(-362)
256 + j*(256)
256 + j*(256)
0 + j*(0)
256 + j*(256)
256 + j*(256)
362 + j*(-362)
256 + j*(256)
256 + j*(256)
0 + j*(0)
256 + j*(256)
256 + j*(256)
-362 + j*(-362)
256 + j*(256)
256 + j*(256)
0 + j*(0)
256 + j*(256)
256 + j*(256)
362 + j*(362)
256 + j*(256)
256 + j*(256)
0 + j*(0)
256 + j*(256)
256 + j*(256)
-362 + j*(362)
256 + j*(256)
256 + j*(256)
0 + j*(0)
256 + j*(256)
256 + j*(256)
-362 + j*(362)
256 + j*(256)
256 + j*(256)
0 + j*(0)
256 + j*(256)
256 + j*(256)
-362 + j*(-362)
256 + j*(256)
256 + j*(256)
0 + j*(0)
256 + j*(256)
256 + j*(256)
362 + j*(-362)
256 + j*(256)
256 + j*(256)
0 + j*(0)
256 + j*(256)
256 + j*(256)
0 + j*(0)
0 + j*(0)
0 + j*(0)
0 + j*(0)
0 + j*(0)
0 + j*(0)
0 + j*(0)
0 + j*(0)
0 + j*(0)
0 + j*(0)
0 + j*(0)
0 + j*(0)
0 + j*(0)
0 + j*(0)
0 + j*(0)
0 + j*(0)
0 + j*(0)
0 + j*(0)
0 + j*(0)
0 + j*(0)
0 + j*(0)
0 + j*(0)
0 + j*(0)
0 + j*(0)
0 + j*(0)
0 + j*(0)
0 + j*(0)
0 + j*(0)
0 + j*(0)
0 + j*(0)
0 + j*(0)
0 + j*(0)
0 + j*(0)
0 + j*(0)
0 + j*(0)
0 + j*(0)
0 + j*(0)
0 + j*(0)
0 + j*(0)
0 + j*(0)
0 + j*(0)
0 + j*(0)
0 + j*(0)
0 + j*(0)
0 + j*(0)
0 + j*(0)
0 + j*(0)
0 + j*(0)
0 + j*(0)
0 + j*(0)
0 + j*(0)
0 + j*(0)
0 + j*(0)
0 + j*(0)
0 + j*(0)
0 + j*(0)
0 + j*(0)
0 + j*(0)
0 + j*(0)
0 + j*(0)
0 + j*(0)
0 + j*(0)
0 + j*(0)
0 + j*(0)
0 + j*(0)
0 + j*(0)
0 + j*(0)
0 + j*(0)
0 + j*(0)
0 + j*(0)
0 + j*(0)
0 + j*(0)
0 + j*(0)
0 + j*(0)
0 + j*(0)
0 + j*(0)
0 + j*(0)
0 + j*(0)
0 + j*(0)
0 + j*(0)
0 + j*(0)
0 + j*(0)
0 + j*(0)
0 + j*(0)
0 + j*(0)
0 + j*(0)
0 + j*(0)
0 + j*(0)
0 + j*(0)
0 + j*(0)
0 + j*(0)
0 + j*(0)
0 + j*(0)
0 + j*(0)
0 + j*(0)
0 + j*(0)
0 + j*(0)
0 + j*(0)
0 + j*(0)
0 + j*(0)
0 + j*(0)
0 + j*(0)
0 + j*(0)
0 + j*(0)
0 + j*(0)
0 + j*(0)
0 + j*(0)
0 + j*(0)
0 + j*(0)
0 + j*(0)
0 + j*(0)
0 + j*(0)
0 + j*(0)
0 + j*(0)
0 + j*(0)
0 + j*(0)
0 + j*(0)
0 + j*(0)
0 + j*(0)
0 + j*(0)
0 + j*(0)
0 + j*(0)
0 + j*(0)
0 + j*(0)
0 + j*(0)
0 + j*(0)
0 + j*(0)
0 + j*(0)
0 + j*(0)
0 + j*(0)
0 + j*(0)
0 + j*(0)
0 + j*(0)
0 + j*(0)
0 + j*(0)
0 + j*(0)
0 + j*(0)
0 + j*(0)
0 + j*(0)
0 + j*(0)
0 + j*(0)
0 + j*(0)
0 + j*(0)
0 + j*(0)
0 + j*(0)
0 + j*(0)
0 + j*(0)
0 + j*(0)
0 + j*(0)
0 + j*(0)
0 + j*(0)
0 + j*(0)
0 + j*(0)
0 + j*(0)
0 + j*(0)
0 + j*(0)
0 + j*(0)
0 + j*(0)
0 + j*(0)
0 + j*(0)
0 + j*(0)
0 + j*(0)
0 + j*(0)
0 + j*(0)
0 + j*(0)
0 + j*(0)
0 + j*(0)
0 + j*(0)
0 + j*(0)
0 + j*(0)
0 + j*(0)
0 + j*(0)
0 + j*(0)
0 + j*(0)
0 + j*(0)
0 + j*(0)
0 + j*(0)
0 + j*(0)
0 + j*(0)
0 + j*(0)
0 + j*(0)
0 + j*(0)
0 + j*(0)
0 + j*(0)
0 + j*(0)
0 + j*(0)
0 + j*(0)
0 + j*(0)
0 + j*(0)
0 + j*(0)
0 + j*(0)
0 + j*(0)
0 + j*(0)
0 + j*(0)
0 + j*(0)
0 + j*(0)
0 + j*(0)
0 + j*(0)
0 + j*(0)
0 + j*(0)
0 + j*(0)
0 + j*(0)
0 + j*(0)
0 + j*(0)
0 + j*(0)
0 + j*(0)
0 + j*(0)
0 + j*(0)
0 + j*(0)
0 + j*(0)
0 + j*(0)
362 + j*(362)
256 + j*(256)
-256 + j*(256)
0 + j*(0)
-256 + j*(-256)
256 + j*(256)
-362 + j*(-362)
256 + j*(256)
256 + j*(256)
0 + j*(0)
256 + j*(256)
-256 + j*(-256)
-362 + j*(-362)
256 + j*(256)
256 + j*(256)
0 + j*(0)
256 + j*(256)
256 + j*(256)
362 + j*(-362)
256 + j*(256)
256 + j*(256)
0 + j*(0)
256 + j*(256)
256 + j*(256)
362 + j*(362)
256 + j*(256)
256 + j*(256)
0 + j*(0)
256 + j*(256)
256 + j*(256)
-362 + j*(-362)
256 + j*(256)
256 + j*(256)
0 + j*(0)
256 + j*(256)
256 + j*(256)
362 + j*(362)
256 + j*(256)
256 + j*(256)
0 + j*(0)
256 + j*(256)
256 + j*(256)
362 + j*(-362)
256 + j*(256)
256 + j*(256)
0 + j*(0)
256 + j*(256)
256 + j*(256)
-362 + j*(362)
256 + j*(256)
256 + j*(256)
0 + j*(0)
256 + j*(256)
256 + j*(256)
-362 + j*(-362)
256 + j*(256)
256 + j*(256)
0 + j*(0)
256 + j*(256)
256 + j*(256)
362 + j*(-362)
256 + j*(256)
256 + j*(256)
0 + j*(0)
256 + j*(256)
256 + j*(256)
-362 + j*(-362)
256 + j*(256)
256 + j*(256)
0 + j*(0)
256 + j*(256)
256 + j*(256)
-362 + j*(362)
256 + j*(256)
-256 + j*(256)
0 + j*(0)
-256 + j*(-256)
-256 + j*(-256)
362 + j*(362)
256 + j*(256)
256 + j*(256)
0 + j*(0)
256 + j*(256)
256 + j*(256)
362 + j*(362)
256 + j*(256)
256 + j*(256)
0 + j*(0)
256 + j*(256)
256 + j*(256)
-362 + j*(362)
256 + j*(256)
256 + j*(256)
0 + j*(0)
256 + j*(256)
256 + j*(256)
362 + j*(362)
256 + j*(256)
256 + j*(256)
0 + j*(0)
256 + j*(256)
256 + j*(256)
362 + j*(-362)
256 + j*(256)
-256 + j*(-256)
0 + j*(0)
256 + j*(256)
256 + j*(256)
362 + j*(362)
256 + j*(256)
256 + j*(256)
0 + j*(0)
256 + j*(256)
256 + j*(256)
-362 + j*(362)
256 + j*(256)
256 + j*(256)
0 + j*(0)
256 + j*(256)
256 + j*(256)
-362 + j*(362)
256 + j*(256)
256 + j*(256)
0 + j*(0)
256 + j*(256)
256 + j*(256)
-362 + j*(362)
256 + j*(256)
256 + j*(256)
0 + j*(0)
256 + j*(256)
256 + j*(256)
362 + j*(362)
256 + j*(256)
256 + j*(256)
0 + j*(0)
256 + j*(256)
256 + j*(256)
362 + j*(-362)
256 + j*(256)
256 + j*(256)
0 + j*(0)
256 + j*(256)
256 + j*(256)
-362 + j*(362)
256 + j*(256)
256 + j*(256)
0 + j*(0)
256 + j*(256)
256 + j*(256)
0 + j*(0)
0 + j*(0)
0 + j*(0)
0 + j*(0)
0 + j*(0)
0 + j*(0)
0 + j*(0)
0 + j*(0)
0 + j*(0)
0 + j*(0)
0 + j*(0)
0 + j*(0)
0 + j*(0)
0 + j*(0)
0 + j*(0)
0 + j*(0)
0 + j*(0)
0 + j*(0)
0 + j*(0)
0 + j*(0)
0 + j*(0)
0 + j*(0)
0 + j*(0)
0 + j*(0)
0 + j*(0)
0 + j*(0)
0 + j*(0)
0 + j*(0)
0 + j*(0)
0 + j*(0)
0 + j*(0)
0 + j*(0)
0 + j*(0)
0 + j*(0)
0 + j*(0)
0 + j*(0)
0 + j*(0)
0 + j*(0)
0 + j*(0)
0 + j*(0)
0 + j*(0)
0 + j*(0)
0 + j*(0)
0 + j*(0)
0 + j*(0)
0 + j*(0)
0 + j*(0)
0 + j*(0)
0 + j*(0)
0 + j*(0)
0 + j*(0)
0 + j*(0)
0 + j*(0)
0 + j*(0)
0 + j*(0)
0 + j*(0)
0 + j*(0)
0 + j*(0)
0 + j*(0)
0 + j*(0)
0 + j*(0)
0 + j*(0)
0 + j*(0)
0 + j*(0)
0 + j*(0)
0 + j*(0)
0 + j*(0)
0 + j*(0)
0 + j*(0)
0 + j*(0)
0 + j*(0)
0 + j*(0)
0 + j*(0)
0 + j*(0)
0 + j*(0)
0 + j*(0)
0 + j*(0)
0 + j*(0)
0 + j*(0)
0 + j*(0)
0 + j*(0)
0 + j*(0)
0 + j*(0)
0 + j*(0)
0 + j*(0)
0 + j*(0)
0 + j*(0)
0 + j*(0)
0 + j*(0)
0 + j*(0)
0 + j*(0)
0 + j*(0)
0 + j*(0)
0 + j*(0)
0 + j*(0)
0 + j*(0)
0 + j*(0)
0 + j*(0)
0 + j*(0)
0 + j*(0)
0 + j*(0)
0 + j*(0)
0 + j*(0)
0 + j*(0)
0 + j*(0)
0 + j*(0)
0 + j*(0)
0 + j*(0)
0 + j*(0)
0 + j*(0)
0 + j*(0)
0 + j*(0)
0 + j*(0)
0 + j*(0)
0 + j*(0)
0 + j*(0)
0 + j*(0)
0 + j*(0)
0 + j*(0)
0 + j*(0)
0 + j*(0)
0 + j*(0)
0 + j*(0)
0 + j*(0)
0 + j*(0)
0 + j*(0)
0 + j*(0)
0 + j*(0)
0 + j*(0)
0 + j*(0)
0 + j*(0)
0 + j*(0)
0 + j*(0)
0 + j*(0)
0 + j*(0)
0 + j*(0)
0 + j*(0)
0 + j*(0)
0 + j*(0)
0 + j*(0)
0 + j*(0)
0 + j*(0)
0 + j*(0)
0 + j*(0)
0 + j*(0)
0 + j*(0)
0 + j*(0)
0 + j*(0)
0 + j*(0)
0 + j*(0)
0 + j*(0)
0 + j*(0)
0 + j*(0)
0 + j*(0)
0 + j*(0)
0 + j*(0)
0 + j*(0)
0 + j*(0)
0 + j*(0)
0 + j*(0)
0 + j*(0)
0 + j*(0)
0 + j*(0)
0 + j*(0)
0 + j*(0)
0 + j*(0)
0 + j*(0)
0 + j*(0)
0 + j*(0)
0 + j*(0)
0 + j*(0)
0 + j*(0)
0 + j*(0)
0 + j*(0)
0 + j*(0)
0 + j*(0)
0 + j*(0)
0 + j*(0)
0 + j*(0)
